16839
5759
10114
17516
31052
5628
23011
7420
16213
4087
2750
12768
9085
12061
32226
17544
25090
21184
25138
25567
26967
4979
20496
10312
11368
30055
17032
13146
19883
25737
30525
28506
28395
22103
24852
19068
12755
11654
6562
27097
13629
15189
32086
4144
6968
31407
24166
13404
25563
24835
31354
921
10445
24804
7963
19319
1423
31328
10458
1946
14480
29984
18752
3895
18671
8260
16249
7758
15630
13307
28607
13991
11739
12517
1415
5263
17117
22826
3182
13135
25344
8023
11234
7537
9761
9980
29072
1202
21337
13062
22161
24006
30730
7645
27476
31694
25515
