106
237
921
1202
1415
1423
1946
2750
3182
3895
4087
4144
4979
5263
5628
5759
6562
6968
7420
7537
7645
7758
7963
8023
8260
9085
9761
9980
10114
10312
10445
10458
11234
11368
11654
11739
12061
12517
12755
12768
13062
13135
13146
13307
13404
13629
13991
14480
15189
15630
16213
16249
16839
17032
17117
17516
17544
18671
18752
19068
19319
19883
20496
21184
21337
22103
22161
22826
23011
24006
24166
24804
24835
24852
25090
25138
25344
25515
25563
25567
25737
26967
27097
27476
28395
28506
28607
29072
29984
30055
30525
30730
31052
31328
31354
31407
31694
32086
32226
45701
